% Daily open value of the Dow Jones Industrial (DJI) Average 
%                  from 1/1/14 to 2/17/19
%
%   Normalized        Open 
%      Time           Value                
%
%      (x)              (y)
%
   0.0000000e+00   1.6572170e+04
   7.7579519e-04   1.6456891e+04
   1.5515904e-03   1.6474039e+04
   2.3273856e-03   1.6429020e+04
   3.1031808e-03   1.6527660e+04
   3.8789760e-03   1.6471410e+04
   4.6547711e-03   1.6453619e+04
   5.4305663e-03   1.6434029e+04
   6.2063615e-03   1.6261990e+04
   6.9821567e-03   1.6378030e+04
   7.7579519e-03   1.6477699e+04
   8.5337471e-03   1.6408020e+04
   9.3095423e-03   1.6459270e+04
   1.0085337e-02   1.6420480e+04
   1.0861133e-02   1.6371990e+04
   1.1636928e-02   1.6203290e+04
   1.2412723e-02   1.5879050e+04
   1.3188518e-02   1.5840840e+04
   1.3964313e-02   1.5927080e+04
   1.4740109e-02   1.5743030e+04
   1.5515904e-02   1.5847190e+04
   1.6291699e-02   1.5697690e+04
   1.7067494e-02   1.5372930e+04
   1.7843289e-02   1.5443000e+04
   1.8619085e-02   1.5443830e+04
   1.9394880e-02   1.5630640e+04
   2.0170675e-02   1.5793630e+04
   2.0946470e-02   1.5804170e+04
   2.1722265e-02   1.5993040e+04
   2.2498061e-02   1.5946990e+04
   2.3273856e-02   1.6018080e+04
   2.4049651e-02   1.6153970e+04
   2.4825446e-02   1.6126230e+04
   2.5601241e-02   1.6044150e+04
   2.6377036e-02   1.6135920e+04
   2.7152832e-02   1.6102270e+04
   2.7928627e-02   1.6207340e+04
   2.8704422e-02   1.6180360e+04
   2.9480217e-02   1.6197700e+04
   3.0256012e-02   1.6273230e+04
   3.1031808e-02   1.6321710e+04
   3.1807603e-02   1.6169320e+04
   3.2583398e-02   1.6395881e+04
   3.3359193e-02   1.6360560e+04
   3.4134988e-02   1.6424529e+04
   3.4910784e-02   1.6453100e+04
   3.5686579e-02   1.6419391e+04
   3.6462374e-02   1.6350670e+04
   3.7238169e-02   1.6341550e+04
   3.8013964e-02   1.6106320e+04
   3.8789760e-02   1.6066370e+04
   3.9565555e-02   1.6245930e+04
   4.0341350e-02   1.6335710e+04
   4.1117145e-02   1.6221980e+04
   4.1892940e-02   1.6332690e+04
   4.2668735e-02   1.6303280e+04
   4.3444531e-02   1.6279200e+04
   4.4220326e-02   1.6370710e+04
   4.4996121e-02   1.6268670e+04
   4.5771916e-02   1.6267770e+04
   4.6547711e-02   1.6324220e+04
   4.7323507e-02   1.6458051e+04
   4.8099302e-02   1.6532801e+04
   4.8875097e-02   1.6572359e+04
   4.9650892e-02   1.6576020e+04
   5.0426687e-02   1.6414150e+04
   5.1202483e-02   1.6245160e+04
   5.1978278e-02   1.6256370e+04
   5.2754073e-02   1.6437240e+04
   5.3529868e-02   1.6168870e+04
   5.4305663e-02   1.6028290e+04
   5.5081458e-02   1.6173490e+04
   5.5857254e-02   1.6266230e+04
   5.6633049e-02   1.6424141e+04
   5.7408844e-02   1.6408920e+04
   5.8184639e-02   1.6449381e+04
   5.8960434e-02   1.6513730e+04
   5.9736230e-02   1.6503391e+04
   6.0512025e-02   1.6503260e+04
   6.1287820e-02   1.6363200e+04
   6.2063615e-02   1.6451180e+04
   6.2839410e-02   1.6534859e+04
   6.3615206e-02   1.6580260e+04
   6.4391001e-02   1.6562340e+04
   6.5166796e-02   1.6509750e+04
   6.5942591e-02   1.6529850e+04
   6.6718386e-02   1.6401660e+04
   6.7494182e-02   1.6518160e+04
   6.8269977e-02   1.6551230e+04
   6.9045772e-02   1.6584820e+04
   6.9821567e-02   1.6695920e+04
   7.0597362e-02   1.6716080e+04
   7.1373157e-02   1.6613520e+04
   7.2148953e-02   1.6447320e+04
   7.2924748e-02   1.6490350e+04
   7.3700543e-02   1.6511221e+04
   7.4476338e-02   1.6376170e+04
   7.5252133e-02   1.6532740e+04
   7.6027929e-02   1.6544490e+04
   7.6803724e-02   1.6607420e+04
   7.7579519e-02   1.6674980e+04
   7.8355314e-02   1.6637740e+04
   7.9131109e-02   1.6697330e+04
   7.9906905e-02   1.6716850e+04
   8.0682700e-02   1.6736699e+04
   8.1458495e-02   1.6720000e+04
   8.2234290e-02   1.6739141e+04
   8.3010085e-02   1.6839641e+04
   8.3785881e-02   1.6926080e+04
   8.4561676e-02   1.6940400e+04
   8.5337471e-02   1.6943160e+04
   8.6113266e-02   1.6840480e+04
   8.6889061e-02   1.6734641e+04
   8.7664856e-02   1.6765561e+04
   8.8440652e-02   1.6779211e+04
   8.9216447e-02   1.6806119e+04
   8.9992242e-02   1.6909900e+04
   9.0768037e-02   1.6920619e+04
   9.1543832e-02   1.6946500e+04
   9.2319628e-02   1.6934619e+04
   9.3095423e-02   1.6817680e+04
   9.3871218e-02   1.6866811e+04
   9.4647013e-02   1.6846900e+04
   9.5422808e-02   1.6852490e+04
   9.6198604e-02   1.6828529e+04
   9.6974399e-02   1.6949711e+04
   9.7750194e-02   1.6979000e+04
   9.8525989e-02   1.7063830e+04
   9.9301784e-02   1.7022090e+04
   1.0007758e-01   1.6916830e+04
   1.0085337e-01   1.6980350e+04
   1.0162917e-01   1.6918311e+04
   1.0240497e-01   1.6950930e+04
   1.0318076e-01   1.7055029e+04
   1.0395656e-01   1.7061910e+04
   1.0473235e-01   1.7133449e+04
   1.0550815e-01   1.6978160e+04
   1.0628394e-01   1.7095109e+04
   1.0705974e-01   1.7054971e+04
   1.0783553e-01   1.7117010e+04
   1.0861133e-01   1.7092020e+04
   1.0938712e-01   1.7079500e+04
   1.1016292e-01   1.6956910e+04
   1.1093871e-01   1.6984330e+04
   1.1171451e-01   1.6920109e+04
   1.1249030e-01   1.6869631e+04
   1.1326610e-01   1.6561699e+04
   1.1404189e-01   1.6493721e+04
   1.1481769e-01   1.6559971e+04
   1.1559348e-01   1.6425100e+04
   1.1636928e-01   1.6448289e+04
   1.1714507e-01   1.6369680e+04
   1.1792087e-01   1.6557270e+04
   1.1869666e-01   1.6565551e+04
   1.1947246e-01   1.6567539e+04
   1.2024825e-01   1.6657320e+04
   1.2102405e-01   1.6717010e+04
   1.2179984e-01   1.6664449e+04
   1.2257564e-01   1.6839061e+04
   1.2335144e-01   1.6910029e+04
   1.2412723e-01   1.6983881e+04
   1.2490303e-01   1.7038270e+04
   1.2567882e-01   1.7011811e+04
   1.2645462e-01   1.7079570e+04
   1.2723041e-01   1.7111029e+04
   1.2800621e-01   1.7119061e+04
   1.2878200e-01   1.7083420e+04
   1.2955780e-01   1.7097420e+04
   1.3033359e-01   1.7067240e+04
   1.3110939e-01   1.7083609e+04
   1.3188518e-01   1.7065891e+04
   1.3266098e-01   1.7131711e+04
   1.3343677e-01   1.7110391e+04
   1.3421257e-01   1.7016051e+04
   1.3498836e-01   1.7057410e+04
   1.3576416e-01   1.7044051e+04
   1.3653995e-01   1.6988760e+04
   1.3731575e-01   1.7027160e+04
   1.3809154e-01   1.7131010e+04
   1.3886734e-01   1.7163730e+04
   1.3964313e-01   1.7267211e+04
   1.4041893e-01   1.7271711e+04
   1.4119472e-01   1.7165910e+04
   1.4197052e-01   1.7056641e+04
   1.4274631e-01   1.7204859e+04
   1.4352211e-01   1.6948619e+04
   1.4429791e-01   1.7107689e+04
   1.4507370e-01   1.7070449e+04
   1.4584950e-01   1.7040461e+04
   1.4662529e-01   1.6808270e+04
   1.4740109e-01   1.6802199e+04
   1.4817688e-01   1.7010340e+04
   1.4895268e-01   1.6988250e+04
   1.4972847e-01   1.6718650e+04
   1.5050427e-01   1.6989369e+04
   1.5128006e-01   1.6654881e+04
   1.5205586e-01   1.6535430e+04
   1.5283165e-01   1.6321900e+04
   1.5360745e-01   1.6313300e+04
   1.5438324e-01   1.6137140e+04
   1.5515904e-01   1.6118390e+04
   1.5593483e-01   1.6373150e+04
   1.5671063e-01   1.6406029e+04
   1.5748642e-01   1.6615260e+04
   1.5826222e-01   1.6468070e+04
   1.5903801e-01   1.6677039e+04
   1.5981381e-01   1.6796100e+04
   1.6058960e-01   1.6825189e+04
   1.6136540e-01   1.7005070e+04
   1.6214119e-01   1.6968141e+04
   1.6291699e-01   1.7208779e+04
   1.6369279e-01   1.7390900e+04
   1.6446858e-01   1.7368811e+04
   1.6524438e-01   1.7385760e+04
   1.6602017e-01   1.7491660e+04
   1.6679597e-01   1.7558580e+04
   1.6757176e-01   1.7568980e+04
   1.6834756e-01   1.7615641e+04
   1.6912335e-01   1.7604750e+04
   1.6989915e-01   1.7618689e+04
   1.7067494e-01   1.7653109e+04
   1.7145074e-01   1.7631850e+04
   1.7222653e-01   1.7643090e+04
   1.7300233e-01   1.7685510e+04
   1.7377812e-01   1.7677320e+04
   1.7455392e-01   1.7721020e+04
   1.7532971e-01   1.7812631e+04
   1.7610551e-01   1.7819051e+04
   1.7688130e-01   1.7812250e+04
   1.7765710e-01   1.7830551e+04
   1.7843289e-01   1.7827270e+04
   1.7920869e-01   1.7778850e+04
   1.7998448e-01   1.7880900e+04
   1.8076028e-01   1.7910020e+04
   1.8153607e-01   1.7903051e+04
   1.8231187e-01   1.7954939e+04
   1.8308766e-01   1.7847369e+04
   1.8386346e-01   1.7797990e+04
   1.8463926e-01   1.7534301e+04
   1.8541505e-01   1.7590051e+04
   1.8619085e-01   1.7285740e+04
   1.8696664e-01   1.7173070e+04
   1.8774244e-01   1.7069160e+04
   1.8851823e-01   1.7367850e+04
   1.8929403e-01   1.7778020e+04
   1.9006982e-01   1.7812250e+04
   1.9084562e-01   1.7971510e+04
   1.9162141e-01   1.8035730e+04
   1.9239721e-01   1.8038301e+04
   1.9317300e-01   1.8046580e+04
   1.9394880e-01   1.8035020e+04
   1.9472459e-01   1.7987660e+04
   1.9550039e-01   1.7823070e+04
   1.9627618e-01   1.7821301e+04
   1.9705198e-01   1.7504180e+04
   1.9782777e-01   1.7374779e+04
   1.9860357e-01   1.7591971e+04
   1.9937936e-01   1.7911020e+04
   2.0015516e-01   1.7742051e+04
   2.0093095e-01   1.7645020e+04
   2.0170675e-01   1.7609061e+04
   2.0248254e-01   1.7436301e+04
   2.0325834e-01   1.7320000e+04
   2.0403413e-01   1.7516961e+04
   2.0480993e-01   1.7509961e+04
   2.0558573e-01   1.7557289e+04
   2.0636152e-01   1.7812500e+04
   2.0713732e-01   1.7668109e+04
   2.0791311e-01   1.7638529e+04
   2.0868891e-01   1.7402910e+04
   2.0946470e-01   1.7195289e+04
   2.1024050e-01   1.7416850e+04
   2.1101629e-01   1.7169990e+04
   2.1179209e-01   1.7369971e+04
   2.1256788e-01   1.7664990e+04
   2.1334368e-01   1.7677260e+04
   2.1411947e-01   1.7881539e+04
   2.1489527e-01   1.7821490e+04
   2.1567106e-01   1.7736150e+04
   2.1644686e-01   1.7867859e+04
   2.1722265e-01   1.7862141e+04
   2.1799845e-01   1.7968650e+04
   2.1877424e-01   1.8019801e+04
   2.1955004e-01   1.8045721e+04
   2.2032583e-01   1.8028670e+04
   2.2110163e-01   1.7985770e+04
   2.2187742e-01   1.8140760e+04
   2.2265322e-01   1.8112570e+04
   2.2342901e-01   1.8208670e+04
   2.2420481e-01   1.8224410e+04
   2.2498061e-01   1.8213260e+04
   2.2575640e-01   1.8134051e+04
   2.2653220e-01   1.8281949e+04
   2.2730799e-01   1.8203369e+04
   2.2808379e-01   1.8096900e+04
   2.2885958e-01   1.8135721e+04
   2.2963538e-01   1.7856561e+04
   2.3041117e-01   1.7989561e+04
   2.3118697e-01   1.7662939e+04
   2.3196276e-01   1.7626840e+04
   2.3273856e-01   1.7889051e+04
   2.3351435e-01   1.7751240e+04
   2.3429015e-01   1.7972221e+04
   2.3506594e-01   1.7846801e+04
   2.3584174e-01   1.8072580e+04
   2.3661753e-01   1.7961131e+04
   2.3739333e-01   1.8136730e+04
   2.3816912e-01   1.8110869e+04
   2.3894492e-01   1.8012609e+04
   2.3972071e-01   1.7716270e+04
   2.4049651e-01   1.7673631e+04
   2.4127230e-01   1.7727480e+04
   2.4204810e-01   1.7965369e+04
   2.4282389e-01   1.7778520e+04
   2.4359969e-01   1.7699520e+04
   2.4437548e-01   1.7755500e+04
   2.4515128e-01   1.7884320e+04
   2.4592708e-01   1.7877619e+04
   2.4670287e-01   1.7902510e+04
   2.4747867e-01   1.7956730e+04
   2.4825446e-01   1.8052320e+04
   2.4903026e-01   1.7979109e+04
   2.4980605e-01   1.8045711e+04
   2.5058185e-01   1.8106270e+04
   2.5135764e-01   1.8102561e+04
   2.5213344e-01   1.7841180e+04
   2.5290923e-01   1.8034230e+04
   2.5368503e-01   1.7950820e+04
   2.5446082e-01   1.8031900e+04
   2.5523662e-01   1.8056420e+04
   2.5601241e-01   1.8097891e+04
   2.5678821e-01   1.8035900e+04
   2.5756400e-01   1.8093689e+04
   2.5833980e-01   1.8033330e+04
   2.5911559e-01   1.7859270e+04
   2.5989139e-01   1.8026020e+04
   2.6066718e-01   1.8062529e+04
   2.6144298e-01   1.7934811e+04
   2.6221877e-01   1.7840250e+04
   2.6299457e-01   1.7933641e+04
   2.6377036e-01   1.8187779e+04
   2.6454616e-01   1.8096160e+04
   2.6532196e-01   1.8070369e+04
   2.6609775e-01   1.8062490e+04
   2.6687355e-01   1.8251971e+04
   2.6764934e-01   1.8267250e+04
   2.6842514e-01   1.8300480e+04
   2.6920093e-01   1.8315061e+04
   2.6997673e-01   1.8285869e+04
   2.7075252e-01   1.8286869e+04
   2.7152832e-01   1.8229750e+04
   2.7230411e-01   1.8045080e+04
   2.7307991e-01   1.8154141e+04
   2.7385570e-01   1.8128119e+04
   2.7463150e-01   1.8017820e+04
   2.7540729e-01   1.8033330e+04
   2.7618309e-01   1.8018420e+04
   2.7695888e-01   1.8072471e+04
   2.7773468e-01   1.7905381e+04
   2.7851047e-01   1.7849461e+04
   2.7928627e-01   1.7766949e+04
   2.8006206e-01   1.7765381e+04
   2.8083786e-01   1.8001270e+04
   2.8161365e-01   1.8035830e+04
   2.8238945e-01   1.7890760e+04
   2.8316524e-01   1.7787430e+04
   2.8394104e-01   1.7909580e+04
   2.8471683e-01   1.7944609e+04
   2.8549263e-01   1.8116240e+04
   2.8626843e-01   1.8027631e+04
   2.8704422e-01   1.8121779e+04
   2.8782002e-01   1.8139100e+04
   2.8859581e-01   1.7977109e+04
   2.8937161e-01   1.7892029e+04
   2.9014740e-01   1.7936740e+04
   2.9092320e-01   1.7599961e+04
   2.9169899e-01   1.7638119e+04
   2.9247479e-01   1.7763320e+04
   2.9325058e-01   1.7728080e+04
   2.9402638e-01   1.7684920e+04
   2.9480217e-01   1.7759010e+04
   2.9557797e-01   1.7530381e+04
   2.9635376e-01   1.7561119e+04
   2.9712956e-01   1.7787270e+04
   2.9790535e-01   1.7974609e+04
   2.9868115e-01   1.8053381e+04
   2.9945694e-01   1.8078160e+04
   3.0023274e-01   1.8117580e+04
   3.0100853e-01   1.8085910e+04
   3.0178433e-01   1.8096670e+04
   3.0256012e-01   1.7918350e+04
   3.0333592e-01   1.7853779e+04
   3.0411171e-01   1.7731051e+04
   3.0488751e-01   1.7561779e+04
   3.0566330e-01   1.7449811e+04
   3.0643910e-01   1.7631400e+04
   3.0721490e-01   1.7743240e+04
   3.0799069e-01   1.7755869e+04
   3.0876649e-01   1.7696740e+04
   3.0954228e-01   1.7596930e+04
   3.1031808e-01   1.7555240e+04
   3.1109387e-01   1.7542609e+04
   3.1186967e-01   1.7414939e+04
   3.1264546e-01   1.7375180e+04
   3.1342126e-01   1.7593590e+04
   3.1419705e-01   1.7382930e+04
   3.1497285e-01   1.7401641e+04
   3.1574864e-01   1.7410119e+04
   3.1652444e-01   1.7472660e+04
   3.1730023e-01   1.7537301e+04
   3.1807603e-01   1.7508740e+04
   3.1885182e-01   1.7345320e+04
   3.1962762e-01   1.6990689e+04
   3.2040341e-01   1.6459750e+04
   3.2117921e-01   1.5882270e+04
   3.2195500e-01   1.5676260e+04
   3.2273080e-01   1.6285510e+04
   3.2350659e-01   1.6649420e+04
   3.2428239e-01   1.6632020e+04
   3.2505818e-01   1.6528029e+04
   3.2583398e-01   1.6058350e+04
   3.2660978e-01   1.6364340e+04
   3.2738557e-01   1.6371760e+04
   3.2816137e-01   1.6109930e+04
   3.2893716e-01   1.6505039e+04
   3.2971296e-01   1.6252570e+04
   3.3048875e-01   1.6330400e+04
   3.3126455e-01   1.6450859e+04
   3.3204034e-01   1.6382580e+04
   3.3281614e-01   1.6599510e+04
   3.3359193e-01   1.6738080e+04
   3.3436773e-01   1.6674740e+04
   3.3514352e-01   1.6406100e+04
   3.3591932e-01   1.6477449e+04
   3.3669511e-01   1.6332810e+04
   3.3747091e-01   1.6257110e+04
   3.3824670e-01   1.6205070e+04
   3.3902250e-01   1.6313260e+04
   3.3979829e-01   1.6001760e+04
   3.4057409e-01   1.6057080e+04
   3.4134988e-01   1.6278620e+04
   3.4212568e-01   1.6258250e+04
   3.4290147e-01   1.6502100e+04
   3.4367727e-01   1.6774020e+04
   3.4445306e-01   1.6805420e+04
   3.4522886e-01   1.6904170e+04
   3.4600465e-01   1.7054689e+04
   3.4678045e-01   1.7082289e+04
   3.4755625e-01   1.7113551e+04
   3.4833204e-01   1.7079080e+04
   3.4910784e-01   1.6944859e+04
   3.4988363e-01   1.7141750e+04
   3.5065943e-01   1.7209430e+04
   3.5143522e-01   1.7228471e+04
   3.5221102e-01   1.7225930e+04
   3.5298681e-01   1.7180881e+04
   3.5376261e-01   1.7525109e+04
   3.5453840e-01   1.7649570e+04
   3.5531420e-01   1.7608891e+04
   3.5608999e-01   1.7586689e+04
   3.5686579e-01   1.7771500e+04
   3.5764158e-01   1.7756600e+04
   3.5841738e-01   1.7672619e+04
   3.5919317e-01   1.7819740e+04
   3.5996897e-01   1.7929580e+04
   3.6074476e-01   1.7871250e+04
   3.6152056e-01   1.7855221e+04
   3.6229635e-01   1.7900779e+04
   3.6307215e-01   1.7724131e+04
   3.6384794e-01   1.7769500e+04
   3.6462374e-01   1.7691930e+04
   3.6539953e-01   1.7439250e+04
   3.6617533e-01   1.7229939e+04
   3.6695112e-01   1.7486990e+04
   3.6772692e-01   1.7485490e+04
   3.6850272e-01   1.7739830e+04
   3.6927851e-01   1.7732750e+04
   3.7005431e-01   1.7823609e+04
   3.7083010e-01   1.7770900e+04
   3.7160590e-01   1.7820811e+04
   3.7238169e-01   1.7806039e+04
   3.7315749e-01   1.7802840e+04
   3.7393328e-01   1.7719721e+04
   3.7470908e-01   1.7883141e+04
   3.7548487e-01   1.7741570e+04
   3.7626067e-01   1.7482680e+04
   3.7703646e-01   1.7845490e+04
   3.7781226e-01   1.7703990e+04
   3.7858805e-01   1.7558180e+04
   3.7936385e-01   1.7493170e+04
   3.8013964e-01   1.7574750e+04
   3.8091544e-01   1.7277109e+04
   3.8169123e-01   1.7374779e+04
   3.8246703e-01   1.7530850e+04
   3.8324282e-01   1.7756539e+04
   3.8401862e-01   1.7495039e+04
   3.8479441e-01   1.7154939e+04
   3.8557021e-01   1.7253551e+04
   3.8634600e-01   1.7427631e+04
   3.8712180e-01   1.7593260e+04
   3.8789760e-01   1.7535660e+04
   3.8867339e-01   1.7547369e+04
   3.8944919e-01   1.7711939e+04
   3.9022498e-01   1.7590660e+04
   3.9100078e-01   1.7405480e+04
   3.9177657e-01   1.7147500e+04
   3.9255237e-01   1.7154830e+04
   3.9332816e-01   1.6888359e+04
   3.9410396e-01   1.6519170e+04
   3.9487975e-01   1.6358710e+04
   3.9565555e-01   1.6419109e+04
   3.9643134e-01   1.6526631e+04
   3.9720714e-01   1.6159010e+04
   3.9798293e-01   1.6354330e+04
   3.9875873e-01   1.6009450e+04
   3.9953452e-01   1.5989450e+04
   4.0031032e-01   1.5768870e+04
   4.0108611e-01   1.5921100e+04
   4.0186191e-01   1.6086460e+04
   4.0263770e-01   1.5893160e+04
   4.0341350e-01   1.6168740e+04
   4.0418929e-01   1.5960280e+04
   4.0496509e-01   1.6090260e+04
   4.0574088e-01   1.6453631e+04
   4.0651668e-01   1.6420211e+04
   4.0729247e-01   1.6186200e+04
   4.0806827e-01   1.6329670e+04
   4.0884407e-01   1.6417949e+04
   4.0961986e-01   1.6147510e+04
   4.1039566e-01   1.6005410e+04
   4.1117145e-01   1.6035610e+04
   4.1194725e-01   1.5897820e+04
   4.1272304e-01   1.5691620e+04
   4.1349884e-01   1.6012390e+04
   4.1427463e-01   1.6217980e+04
   4.1505043e-01   1.6483760e+04
   4.1582622e-01   1.6410961e+04
   4.1660202e-01   1.6417131e+04
   4.1737781e-01   1.6610391e+04
   4.1815361e-01   1.6418840e+04
   4.1892940e-01   1.6504381e+04
   4.1970520e-01   1.6712699e+04
   4.2048099e-01   1.6634150e+04
   4.2125679e-01   1.6545670e+04
   4.2203258e-01   1.6851170e+04
   4.2280838e-01   1.6896170e+04
   4.2358417e-01   1.6945000e+04
   4.2435997e-01   1.6991289e+04
   4.2513576e-01   1.7050670e+04
   4.2591156e-01   1.6969170e+04
   4.2668735e-01   1.7006051e+04
   4.2746315e-01   1.7014990e+04
   4.2823894e-01   1.7207490e+04
   4.2901474e-01   1.7217150e+04
   4.2979054e-01   1.7249340e+04
   4.3056633e-01   1.7321381e+04
   4.3134213e-01   1.7481490e+04
   4.3211792e-01   1.7589699e+04
   4.3289372e-01   1.7602711e+04
   4.3366951e-01   1.7588811e+04
   4.3444531e-01   1.7485330e+04
   4.3522110e-01   1.7526080e+04
   4.3599690e-01   1.7512580e+04
   4.3677269e-01   1.7652359e+04
   4.3754849e-01   1.7716051e+04
   4.3832428e-01   1.7661740e+04
   4.3910008e-01   1.7799391e+04
   4.3987587e-01   1.7718029e+04
   4.4065167e-01   1.7605449e+04
   4.4142746e-01   1.7687279e+04
   4.4220326e-01   1.7555391e+04
   4.4297905e-01   1.7586480e+04
   4.4375485e-01   1.7571340e+04
   4.4453064e-01   1.7741660e+04
   4.4530644e-01   1.7912250e+04
   4.4608223e-01   1.7925949e+04
   4.4685803e-01   1.7890199e+04
   4.4763382e-01   1.8012100e+04
   4.4840962e-01   1.8059490e+04
   4.4918542e-01   1.8092840e+04
   4.4996121e-01   1.7985051e+04
   4.5073701e-01   1.7990939e+04
   4.5151280e-01   1.7987381e+04
   4.5228860e-01   1.7996141e+04
   4.5306439e-01   1.8023881e+04
   4.5384019e-01   1.7813090e+04
   4.5461598e-01   1.7783779e+04
   4.5539178e-01   1.7870750e+04
   4.5616757e-01   1.7735020e+04
   4.5694337e-01   1.7664480e+04
   4.5771916e-01   1.7650301e+04
   4.5849496e-01   1.7743850e+04
   4.5927075e-01   1.7726660e+04
   4.6004655e-01   1.7919029e+04
   4.6082234e-01   1.7711119e+04
   4.6159814e-01   1.7711119e+04
   4.6237393e-01   1.7531760e+04
   4.6314973e-01   1.7701461e+04
   4.6392552e-01   1.7501279e+04
   4.6470132e-01   1.7514160e+04
   4.6547711e-01   1.7437320e+04
   4.6625291e-01   1.7507039e+04
   4.6702870e-01   1.7525189e+04
   4.6780450e-01   1.7735090e+04
   4.6858029e-01   1.7859520e+04
   4.6935609e-01   1.7826850e+04
   4.7013189e-01   1.7891500e+04
   4.7090768e-01   1.7754551e+04
   4.7168348e-01   1.7789051e+04
   4.7245927e-01   1.7799801e+04
   4.7323507e-01   1.7825689e+04
   4.7401086e-01   1.7936221e+04
   4.7478666e-01   1.7931910e+04
   4.7556245e-01   1.7969980e+04
   4.7633825e-01   1.7938820e+04
   4.7711404e-01   1.7830500e+04
   4.7788984e-01   1.7710770e+04
   4.7866563e-01   1.7703650e+04
   4.7944143e-01   1.7602230e+04
   4.8021722e-01   1.7733439e+04
   4.8099302e-01   1.7736869e+04
   4.8176881e-01   1.7827330e+04
   4.8254461e-01   1.7832670e+04
   4.8332040e-01   1.7844109e+04
   4.8409620e-01   1.7946631e+04
   4.8487199e-01   1.7355211e+04
   4.8564779e-01   1.7190510e+04
   4.8642358e-01   1.7456020e+04
   4.8719938e-01   1.7712760e+04
   4.8797517e-01   1.7924240e+04
   4.8875097e-01   1.7904449e+04
   4.8952676e-01   1.7807471e+04
   4.9030256e-01   1.7924240e+04
   4.9107836e-01   1.7971221e+04
   4.9185415e-01   1.8161529e+04
   4.9262995e-01   1.8259119e+04
   4.9340574e-01   1.8356779e+04
   4.9418154e-01   1.8414301e+04
   4.9495733e-01   1.8508881e+04
   4.9573313e-01   1.8521551e+04
   4.9650892e-01   1.8503119e+04
   4.9728472e-01   1.8582699e+04
   4.9806051e-01   1.8589961e+04
   4.9883631e-01   1.8524150e+04
   4.9961210e-01   1.8554490e+04
   5.0038790e-01   1.8497369e+04
   5.0116369e-01   1.8473270e+04
   5.0193949e-01   1.8461010e+04
   5.0271528e-01   1.8442520e+04
   5.0349108e-01   1.8434500e+04
   5.0426687e-01   1.8401150e+04
   5.0504267e-01   1.8313080e+04
   5.0581846e-01   1.8351430e+04
   5.0659426e-01   1.8402801e+04
   5.0737005e-01   1.8541891e+04
   5.0814585e-01   1.8538051e+04
   5.0892164e-01   1.8541480e+04
   5.0969744e-01   1.8519080e+04
   5.1047324e-01   1.8595650e+04
   5.1124903e-01   1.8588590e+04
   5.1202483e-01   1.8614480e+04
   5.1280062e-01   1.8537090e+04
   5.1357642e-01   1.8566539e+04
   5.1435221e-01   1.8585170e+04
   5.1512801e-01   1.8535859e+04
   5.1590380e-01   1.8568939e+04
   5.1667960e-01   1.8537500e+04
   5.1745539e-01   1.8471211e+04
   5.1823119e-01   1.8467920e+04
   5.1900698e-01   1.8421289e+04
   5.1978278e-01   1.8491279e+04
   5.2055857e-01   1.8436699e+04
   5.2133437e-01   1.8396570e+04
   5.2211016e-01   1.8466010e+04
   5.2288596e-01   1.8493400e+04
   5.2366175e-01   1.8527711e+04
   5.2443755e-01   1.8486689e+04
   5.2521334e-01   1.8404170e+04
   5.2598914e-01   1.8028949e+04
   5.2676493e-01   1.8262990e+04
   5.2754073e-01   1.8073391e+04
   5.2831652e-01   1.8024910e+04
   5.2909232e-01   1.8217211e+04
   5.2986811e-01   1.8154820e+04
   5.3064391e-01   1.8175359e+04
   5.3141971e-01   1.8164961e+04
   5.3219550e-01   1.8343760e+04
   5.3297130e-01   1.8377359e+04
   5.3374709e-01   1.8217760e+04
   5.3452289e-01   1.8099211e+04
   5.3529868e-01   1.8240221e+04
   5.3607448e-01   1.8322881e+04
   5.3685027e-01   1.8181801e+04
   5.3762607e-01   1.8279600e+04
   5.3840186e-01   1.8267680e+04
   5.3917766e-01   1.8205500e+04
   5.3995345e-01   1.8280420e+04
   5.4072925e-01   1.8295350e+04
   5.4150504e-01   1.8282949e+04
   5.4228084e-01   1.8308430e+04
   5.4305663e-01   1.8132631e+04
   5.4383243e-01   1.8088320e+04
   5.4460822e-01   1.8177350e+04
   5.4538402e-01   1.8135850e+04
   5.4615981e-01   1.8145061e+04
   5.4693561e-01   1.8178211e+04
   5.4771140e-01   1.8161869e+04
   5.4848720e-01   1.8152631e+04
   5.4926299e-01   1.8197141e+04
   5.5003879e-01   1.8206520e+04
   5.5081458e-01   1.8103801e+04
   5.5159038e-01   1.8234811e+04
   5.5236618e-01   1.8193789e+04
   5.5314197e-01   1.8176600e+04
   5.5391777e-01   1.8158240e+04
   5.5469356e-01   1.8017721e+04
   5.5546936e-01   1.7978750e+04
   5.5624515e-01   1.7928350e+04
   5.5702095e-01   1.7994641e+04
   5.5779674e-01   1.8251381e+04
   5.5857254e-01   1.8317260e+04
   5.5934833e-01   1.8603141e+04
   5.6012413e-01   1.8781650e+04
   5.6089992e-01   1.8876770e+04
   5.6167572e-01   1.8858211e+04
   5.6245151e-01   1.8909850e+04
   5.6322731e-01   1.8866221e+04
   5.6400310e-01   1.8905330e+04
   5.6477890e-01   1.8898680e+04
   5.6555469e-01   1.8970391e+04
   5.6633049e-01   1.9015520e+04
   5.6710628e-01   1.9093721e+04
   5.6788208e-01   1.9122141e+04
   5.6865787e-01   1.9064070e+04
   5.6943367e-01   1.9135641e+04
   5.7020946e-01   1.9149199e+04
   5.7098526e-01   1.9161250e+04
   5.7176106e-01   1.9244350e+04
   5.7253685e-01   1.9219910e+04
   5.7331265e-01   1.9241990e+04
   5.7408844e-01   1.9559939e+04
   5.7486424e-01   1.9631350e+04
   5.7564003e-01   1.9770199e+04
   5.7641583e-01   1.9852211e+04
   5.7719162e-01   1.9876131e+04
   5.7796742e-01   1.9811500e+04
   5.7874321e-01   1.9909010e+04
   5.7951901e-01   1.9836660e+04
   5.8029480e-01   1.9920590e+04
   5.8107060e-01   1.9968971e+04
   5.8184639e-01   1.9922680e+04
   5.8262219e-01   1.9908609e+04
   5.8339798e-01   1.9943461e+04
   5.8417378e-01   1.9964311e+04
   5.8494957e-01   1.9835461e+04
   5.8572537e-01   1.9833170e+04
   5.8650116e-01   1.9872859e+04
   5.8727696e-01   1.9890939e+04
   5.8805275e-01   1.9924561e+04
   5.8882855e-01   1.9906961e+04
   5.8960434e-01   1.9931410e+04
   5.9038014e-01   1.9876350e+04
   5.9115593e-01   1.9887381e+04
   5.9193173e-01   1.9926211e+04
   5.9270753e-01   1.9912539e+04
   5.9348332e-01   1.9848820e+04
   5.9425912e-01   1.9822730e+04
   5.9503491e-01   1.9813551e+04
   5.9581071e-01   1.9795061e+04
   5.9658650e-01   1.9794789e+04
   5.9736230e-01   1.9794680e+04
   5.9813809e-01   1.9994480e+04
   5.9891389e-01   2.0076250e+04
   5.9968968e-01   2.0103359e+04
   6.0046548e-01   2.0028619e+04
   6.0124127e-01   1.9913160e+04
   6.0201707e-01   1.9923811e+04
   6.0279286e-01   1.9858340e+04
   6.0356866e-01   1.9964211e+04
   6.0434445e-01   2.0025609e+04
   6.0512025e-01   2.0107619e+04
   6.0589604e-01   2.0049289e+04
   6.0667184e-01   2.0061730e+04
   6.0744763e-01   2.0211230e+04
   6.0822343e-01   2.0338539e+04
   6.0899922e-01   2.0374221e+04
   6.0977502e-01   2.0504270e+04
   6.1055081e-01   2.0627311e+04
   6.1132661e-01   2.0564131e+04
   6.1210240e-01   2.0663430e+04
   6.1287820e-01   2.0715410e+04
   6.1365400e-01   2.0817211e+04
   6.1442979e-01   2.0751910e+04
   6.1520559e-01   2.0808711e+04
   6.1598138e-01   2.0833881e+04
   6.1675718e-01   2.0957289e+04
   6.1753297e-01   2.1128910e+04
   6.1830877e-01   2.1008750e+04
   6.1908456e-01   2.0955711e+04
   6.1986036e-01   2.0934891e+04
   6.2063615e-01   2.0940439e+04
   6.2141195e-01   2.0864320e+04
   6.2218774e-01   2.0919010e+04
   6.2296354e-01   2.0899279e+04
   6.2373933e-01   2.0848600e+04
   6.2451513e-01   2.0874779e+04
   6.2529092e-01   2.0969270e+04
   6.2606672e-01   2.0965369e+04
   6.2684251e-01   2.0916270e+04
   6.2761831e-01   2.0956330e+04
   6.2839410e-01   2.0640420e+04
   6.2916990e-01   2.0645070e+04
   6.2994569e-01   2.0674449e+04
   6.3072149e-01   2.0488350e+04
   6.3149728e-01   2.0542141e+04
   6.3227308e-01   2.0675750e+04
   6.3304888e-01   2.0662789e+04
   6.3382467e-01   2.0700340e+04
   6.3460047e-01   2.0665170e+04
   6.3537626e-01   2.0634939e+04
   6.3615206e-01   2.0745061e+04
   6.3692785e-01   2.0653770e+04
   6.3770365e-01   2.0647811e+04
   6.3847944e-01   2.0668221e+04
   6.3925524e-01   2.0644320e+04
   6.4003103e-01   2.0637949e+04
   6.4080683e-01   2.0561689e+04
   6.4158262e-01   2.0484750e+04
   6.4235842e-01   2.0561391e+04
   6.4313421e-01   2.0503520e+04
   6.4391001e-01   2.0406680e+04
   6.4468580e-01   2.0578100e+04
   6.4546160e-01   2.0723590e+04
   6.4623739e-01   2.0915510e+04
   6.4701319e-01   2.1009949e+04
   6.4778898e-01   2.0991119e+04
   6.4856478e-01   2.0987391e+04
   6.4934057e-01   2.0962730e+04
   6.5011637e-01   2.0941189e+04
   6.5089216e-01   2.0915000e+04
   6.5166796e-01   2.0987830e+04
   6.5244375e-01   2.0929039e+04
   6.5321955e-01   2.0991260e+04
   6.5399535e-01   2.1022279e+04
   6.5477114e-01   2.0958490e+04
   6.5554694e-01   2.0925721e+04
   6.5632273e-01   2.0893189e+04
   6.5709853e-01   2.0923631e+04
   6.5787432e-01   2.0984480e+04
   6.5865012e-01   2.0846170e+04
   6.5942591e-01   2.0579650e+04
   6.6020171e-01   2.0698279e+04
   6.6097750e-01   2.0867770e+04
   6.6175330e-01   2.0908670e+04
   6.6252909e-01   2.0949211e+04
   6.6330489e-01   2.1062961e+04
   6.6408068e-01   2.1070150e+04
   6.6485648e-01   2.1045490e+04
   6.6563227e-01   2.1048461e+04
   6.6640807e-01   2.1030551e+04
   6.6718386e-01   2.1142090e+04
   6.6795966e-01   2.1195029e+04
   6.6873545e-01   2.1145480e+04
   6.6951125e-01   2.1171570e+04
   6.7028704e-01   2.1169760e+04
   6.7106284e-01   2.1208961e+04
   6.7183863e-01   2.1259949e+04
   6.7261443e-01   2.1256830e+04
   6.7339022e-01   2.1342711e+04
   6.7416602e-01   2.1291689e+04
   6.7494182e-01   2.1335930e+04
   6.7571761e-01   2.1444750e+04
   6.7649341e-01   2.1521250e+04
   6.7726920e-01   2.1466391e+04
   6.7804500e-01   2.1407980e+04
   6.7882079e-01   2.1380920e+04
   6.7959659e-01   2.1434680e+04
   6.8037238e-01   2.1411189e+04
   6.8114818e-01   2.1372359e+04
   6.8192397e-01   2.1487381e+04
   6.8269977e-01   2.1348600e+04
   6.8347556e-01   2.1392301e+04
   6.8425136e-01   2.1492830e+04
   6.8502715e-01   2.1423930e+04
   6.8580295e-01   2.1354660e+04
   6.8657874e-01   2.1381230e+04
   6.8735454e-01   2.1410170e+04
   6.8813033e-01   2.1467930e+04
   6.8890613e-01   2.1537189e+04
   6.8968192e-01   2.1532770e+04
   6.9045772e-01   2.1633971e+04
   6.9123351e-01   2.1589939e+04
   6.9200931e-01   2.1569250e+04
   6.9278510e-01   2.1641539e+04
   6.9356090e-01   2.1591721e+04
   6.9433670e-01   2.1577779e+04
   6.9511249e-01   2.1638561e+04
   6.9588829e-01   2.1690381e+04
   6.9666408e-01   2.1717420e+04
   6.9743988e-01   2.1787510e+04
   6.9821567e-01   2.1863391e+04
   6.9899147e-01   2.1961420e+04
   6.9976726e-01   2.2004359e+04
   7.0054306e-01   2.2007580e+04
   7.0131885e-01   2.2058391e+04
   7.0209465e-01   2.2100199e+04
   7.0287044e-01   2.2095141e+04
   7.0364624e-01   2.2022340e+04
   7.0442203e-01   2.1988199e+04
   7.0519783e-01   2.1883320e+04
   7.0597362e-01   2.1945641e+04
   7.0674942e-01   2.2029910e+04
   7.0752521e-01   2.2031930e+04
   7.0830101e-01   2.1984740e+04
   7.0907680e-01   2.1724881e+04
   7.0985260e-01   2.1671359e+04
   7.1062839e-01   2.1739779e+04
   7.1140419e-01   2.1850270e+04
   7.1217998e-01   2.1839900e+04
   7.1295578e-01   2.1819080e+04
   7.1373157e-01   2.1832500e+04
   7.1450737e-01   2.1718000e+04
   7.1528317e-01   2.1859760e+04
   7.1605896e-01   2.1936010e+04
   7.1683476e-01   2.1981770e+04
   7.1761055e-01   2.1912369e+04
   7.1838635e-01   2.1815760e+04
   7.1916214e-01   2.1820381e+04
   7.1993794e-01   2.1764430e+04
   7.2071373e-01   2.1927789e+04
   7.2148953e-01   2.2090561e+04
   7.2226532e-01   2.2103471e+04
   7.2304112e-01   2.2144961e+04
   7.2381691e-01   2.2252439e+04
   7.2459271e-01   2.2297920e+04
   7.2536850e-01   2.2349699e+04
   7.2614430e-01   2.2351381e+04
   7.2692009e-01   2.2414020e+04
   7.2769589e-01   2.2334070e+04
   7.2847168e-01   2.2320471e+04
   7.2924748e-01   2.2322029e+04
   7.3002327e-01   2.2330930e+04
   7.3079907e-01   2.2306830e+04
   7.3157486e-01   2.2358471e+04
   7.3235066e-01   2.2423471e+04
   7.3312645e-01   2.2564449e+04
   7.3390225e-01   2.2645670e+04
   7.3467804e-01   2.2669080e+04
   7.3545384e-01   2.2762029e+04
   7.3622964e-01   2.2779730e+04
   7.3700543e-01   2.2784760e+04
   7.3778123e-01   2.2827650e+04
   7.3855702e-01   2.2854850e+04
   7.3933282e-01   2.2876430e+04
   7.4010861e-01   2.2892920e+04
   7.4088441e-01   2.2952410e+04
   7.4166020e-01   2.3087131e+04
   7.4243600e-01   2.3107471e+04
   7.4321179e-01   2.3205180e+04
   7.4398759e-01   2.3348949e+04
   7.4476338e-01   2.3346779e+04
   7.4553918e-01   2.3431090e+04
   7.4631497e-01   2.3380891e+04
   7.4709077e-01   2.3419160e+04
   7.4786656e-01   2.3405750e+04
   7.4864236e-01   2.3369221e+04
   7.4941815e-01   2.3442900e+04
   7.5019395e-01   2.3463240e+04
   7.5096974e-01   2.3549590e+04
   7.5174554e-01   2.3533961e+04
   7.5252133e-01   2.3574029e+04
   7.5329713e-01   2.3542600e+04
   7.5407292e-01   2.3492090e+04
   7.5484872e-01   2.3432711e+04
   7.5562452e-01   2.3367471e+04
   7.5640031e-01   2.3388400e+04
   7.5717611e-01   2.3334590e+04
   7.5795190e-01   2.3365340e+04
   7.5872770e-01   2.3433770e+04
   7.5950349e-01   2.3370711e+04
   7.6027929e-01   2.3500150e+04
   7.6105508e-01   2.3597240e+04
   7.6183088e-01   2.3552750e+04
   7.6260667e-01   2.3552859e+04
   7.6338247e-01   2.3625189e+04
   7.6415826e-01   2.3883260e+04
   7.6493406e-01   2.4013801e+04
   7.6570985e-01   2.4305400e+04
   7.6648565e-01   2.4424109e+04
   7.6726144e-01   2.4335010e+04
   7.6803724e-01   2.4171900e+04
   7.6881303e-01   2.4116600e+04
   7.6958883e-01   2.4263260e+04
   7.7036462e-01   2.4338109e+04
   7.7114042e-01   2.4452961e+04
   7.7191621e-01   2.4525189e+04
   7.7269201e-01   2.4631010e+04
   7.7346780e-01   2.4585711e+04
   7.7424360e-01   2.4739561e+04
   7.7501939e-01   2.4834381e+04
   7.7579519e-01   2.4838090e+04
   7.7657099e-01   2.4778260e+04
   7.7734678e-01   2.4764039e+04
   7.7812258e-01   2.4715840e+04
   7.7889837e-01   2.4766520e+04
   7.7967417e-01   2.4807211e+04
   7.8044996e-01   2.4849631e+04
   7.8122576e-01   2.4809350e+04
   7.8200155e-01   2.4850449e+04
   7.8277735e-01   2.4964859e+04
   7.8355314e-01   2.5114920e+04
   7.8432894e-01   2.5308400e+04
   7.8510473e-01   2.5312051e+04
   7.8588053e-01   2.5348131e+04
   7.8665632e-01   2.5398600e+04
   7.8743212e-01   2.5638391e+04
   7.8820791e-01   2.5987619e+04
   7.8898371e-01   2.5910779e+04
   7.8975950e-01   2.6149551e+04
   7.9053530e-01   2.5987350e+04
   7.9131109e-01   2.6025320e+04
   7.9208689e-01   2.6214869e+04
   7.9286268e-01   2.6282070e+04
   7.9363848e-01   2.6313061e+04
   7.9441427e-01   2.6466740e+04
   7.9519007e-01   2.6584279e+04
   7.9596587e-01   2.6198449e+04
   7.9674166e-01   2.6268170e+04
   7.9751746e-01   2.6083039e+04
   7.9829325e-01   2.6061789e+04
   7.9906905e-01   2.5337869e+04
   7.9984484e-01   2.4085170e+04
   8.0062064e-01   2.4892869e+04
   8.0139643e-01   2.4902301e+04
   8.0217223e-01   2.3992670e+04
   8.0294802e-01   2.4337760e+04
   8.0372382e-01   2.4540330e+04
   8.0449961e-01   2.4535820e+04
   8.0527541e-01   2.5047820e+04
   8.0605120e-01   2.5165939e+04
   8.0682700e-01   2.5124910e+04
   8.0760279e-01   2.4988061e+04
   8.0837859e-01   2.4855410e+04
   8.0915438e-01   2.5050510e+04
   8.0993018e-01   2.5403350e+04
   8.1070597e-01   2.5735779e+04
   8.1148177e-01   2.5485150e+04
   8.1225756e-01   2.5024039e+04
   8.1303336e-01   2.4394910e+04
   8.1380915e-01   2.4471311e+04
   8.1458495e-01   2.4965891e+04
   8.1536074e-01   2.4758150e+04
   8.1613654e-01   2.4853410e+04
   8.1691234e-01   2.5004891e+04
   8.1768813e-01   2.5372439e+04
   8.1846393e-01   2.5257750e+04
   8.1923972e-01   2.5086971e+04
   8.2001552e-01   2.4837289e+04
   8.2079131e-01   2.4877340e+04
   8.2156711e-01   2.4893689e+04
   8.2234290e-01   2.4650641e+04
   8.2311870e-01   2.4723490e+04
   8.2389449e-01   2.4526010e+04
   8.2467029e-01   2.3995180e+04
   8.2544608e-01   2.3825740e+04
   8.2622188e-01   2.4276619e+04
   8.2699767e-01   2.3883080e+04
   8.2777347e-01   2.3949180e+04
   8.2854926e-01   2.4076600e+04
   8.2932506e-01   2.3698330e+04
   8.3010085e-01   2.3654150e+04
   8.3087665e-01   2.4313910e+04
   8.3165244e-01   2.4373600e+04
   8.3242824e-01   2.4037520e+04
   8.3320403e-01   2.4198949e+04
   8.3397983e-01   2.4274189e+04
   8.3475562e-01   2.4302820e+04
   8.3553142e-01   2.4582820e+04
   8.3630721e-01   2.4483150e+04
   8.3708301e-01   2.4681789e+04
   8.3785881e-01   2.4820850e+04
   8.3863460e-01   2.4711301e+04
   8.3941040e-01   2.4657391e+04
   8.4018619e-01   2.4488070e+04
   8.4096199e-01   2.4579939e+04
   8.4173778e-01   2.4070199e+04
   8.4251358e-01   2.4128721e+04
   8.4328937e-01   2.4342141e+04
   8.4406517e-01   2.4410410e+04
   8.4484096e-01   2.4117289e+04
   8.4561676e-01   2.4097631e+04
   8.4639255e-01   2.3836230e+04
   8.4716835e-01   2.3865221e+04
   8.4794414e-01   2.4317660e+04
   8.4871994e-01   2.4341350e+04
   8.4949573e-01   2.4399180e+04
   8.5027153e-01   2.4591660e+04
   8.5104732e-01   2.4758641e+04
   8.5182312e-01   2.4879369e+04
   8.5259891e-01   2.4809551e+04
   8.5337471e-01   2.4722320e+04
   8.5415050e-01   2.4752400e+04
   8.5492630e-01   2.4707721e+04
   8.5570209e-01   2.4883061e+04
   8.5647789e-01   2.5047551e+04
   8.5725369e-01   2.4757711e+04
   8.5802948e-01   2.4877359e+04
   8.5880528e-01   2.4781289e+04
   8.5958107e-01   2.4606590e+04
   8.6035687e-01   2.4467830e+04
   8.6113266e-01   2.4620789e+04
   8.6190846e-01   2.4542090e+04
   8.6268425e-01   2.4727551e+04
   8.6346005e-01   2.4820119e+04
   8.6423584e-01   2.4854141e+04
   8.6501164e-01   2.5192141e+04
   8.6578743e-01   2.5209289e+04
   8.6656323e-01   2.5336670e+04
   8.6733902e-01   2.5346820e+04
   8.6811482e-01   2.5328650e+04
   8.6889061e-01   2.5254650e+04
   8.6966641e-01   2.5116711e+04
   8.7044220e-01   2.4944279e+04
   8.7121800e-01   2.4763590e+04
   8.7199379e-01   2.4771170e+04
   8.7276959e-01   2.4639211e+04
   8.7354538e-01   2.4526971e+04
   8.7432118e-01   2.4463730e+04
   8.7509697e-01   2.4281891e+04
   8.7587277e-01   2.4303109e+04
   8.7664856e-01   2.4064189e+04
   8.7742436e-01   2.4323930e+04
   8.7820016e-01   2.4161529e+04
   8.7897595e-01   2.4359391e+04
   8.7975175e-01   2.4285820e+04
   8.8052754e-01   2.4352471e+04
   8.8130334e-01   2.4519199e+04
   8.8207913e-01   2.4806971e+04
   8.8285493e-01   2.4789480e+04
   8.8363072e-01   2.4802900e+04
   8.8440652e-01   2.4926070e+04
   8.8518231e-01   2.5025580e+04
   8.8595811e-01   2.5033920e+04
   8.8673390e-01   2.5133789e+04
   8.8750970e-01   2.5139150e+04
   8.8828549e-01   2.5041141e+04
   8.8906129e-01   2.5036900e+04
   8.8983708e-01   2.5092430e+04
   8.9061288e-01   2.5183699e+04
   8.9138867e-01   2.5468551e+04
   8.9216447e-01   2.5520520e+04
   8.9294026e-01   2.5439320e+04
   8.9371606e-01   2.5345211e+04
   8.9449185e-01   2.5461631e+04
   8.9526765e-01   2.5256449e+04
   8.9604344e-01   2.5360369e+04
   8.9681924e-01   2.5437430e+04
   8.9759503e-01   2.5551650e+04
   8.9837083e-01   2.5615721e+04
   8.9914663e-01   2.5589789e+04
   8.9992242e-01   2.5401189e+04
   9.0069822e-01   2.5327189e+04
   9.0147401e-01   2.5215689e+04
   9.0224981e-01   2.5235369e+04
   9.0302560e-01   2.5294971e+04
   9.0380140e-01   2.5550801e+04
   9.0457719e-01   2.5727699e+04
   9.0535299e-01   2.5786990e+04
   9.0612878e-01   2.5825061e+04
   9.0690458e-01   2.5714859e+04
   9.0768037e-01   2.5688580e+04
   9.0845617e-01   2.5882711e+04
   9.0923196e-01   2.6092699e+04
   9.1000776e-01   2.6082529e+04
   9.1078355e-01   2.6099010e+04
   9.1155935e-01   2.5964850e+04
   9.1233514e-01   2.5916070e+04
   9.1311094e-01   2.5919840e+04
   9.1388673e-01   2.5973020e+04
   9.1466253e-01   2.5951020e+04
   9.1543832e-01   2.5991910e+04
   9.1621412e-01   2.5841141e+04
   9.1698991e-01   2.5989070e+04
   9.1776571e-01   2.6083939e+04
   9.1854151e-01   2.6169561e+04
   9.1931730e-01   2.6151660e+04
   9.2009310e-01   2.6076211e+04
   9.2086889e-01   2.6287840e+04
   9.2164469e-01   2.6519391e+04
   9.2242048e-01   2.6726250e+04
   9.2319628e-01   2.6705250e+04
   9.2397207e-01   2.6601580e+04
   9.2474787e-01   2.6536859e+04
   9.2552366e-01   2.6418270e+04
   9.2629946e-01   2.6407660e+04
   9.2707525e-01   2.6598359e+04
   9.2785105e-01   2.6648910e+04
   9.2862684e-01   2.6833471e+04
   9.2940264e-01   2.6784080e+04
   9.3017843e-01   2.6632770e+04
   9.3095423e-01   2.6399449e+04
   9.3173002e-01   2.6469189e+04
   9.3250582e-01   2.6441730e+04
   9.3328161e-01   2.5518391e+04
   9.3405741e-01   2.5407631e+04
   9.3483320e-01   2.5332461e+04
   9.3560900e-01   2.5351529e+04
   9.3638479e-01   2.5705869e+04
   9.3716059e-01   2.5645561e+04
   9.3793638e-01   2.5421090e+04
   9.3871218e-01   2.5492141e+04
   9.3948798e-01   2.5038461e+04
   9.4026377e-01   2.5172881e+04
   9.4103957e-01   2.4736539e+04
   9.4181536e-01   2.4770250e+04
   9.4259116e-01   2.4818980e+04
   9.4336695e-01   2.4482039e+04
   9.4414275e-01   2.5008820e+04
   9.4491854e-01   2.5142080e+04
   9.4569434e-01   2.5443600e+04
   9.4647013e-01   2.5261471e+04
   9.4724593e-01   2.5452830e+04
   9.4802172e-01   2.5788461e+04
   9.4879752e-01   2.6139590e+04
   9.4957331e-01   2.6149109e+04
   9.5034911e-01   2.5959330e+04
   9.5112490e-01   2.5321211e+04
   9.5190070e-01   2.5388080e+04
   9.5267649e-01   2.5061480e+04
   9.5345229e-01   2.5242350e+04
   9.5422808e-01   2.5392609e+04
   9.5500388e-01   2.4618680e+04
   9.5577967e-01   2.4541650e+04
   9.5655547e-01   2.4336400e+04
   9.5733126e-01   2.4364131e+04
   9.5810706e-01   2.4557020e+04
   9.5888285e-01   2.4832840e+04
   9.5965865e-01   2.5343650e+04
   9.6043445e-01   2.5307141e+04
   9.6121024e-01   2.5779570e+04
   9.6198604e-01   2.5752561e+04
   9.6276183e-01   2.4737420e+04
   9.6353763e-01   2.4918820e+04
   9.6431342e-01   2.4360949e+04
   9.6508922e-01   2.4719910e+04
   9.6586501e-01   2.4509090e+04
   9.6664081e-01   2.4575859e+04
   9.6741660e-01   2.4408039e+04
   9.6819240e-01   2.3986830e+04
   9.6896819e-01   2.3769131e+04
   9.6974399e-01   2.3693330e+04
   9.7051978e-01   2.3224119e+04
   9.7129558e-01   2.2871740e+04
   9.7207137e-01   2.2317279e+04
   9.7284717e-01   2.1857730e+04
   9.7362296e-01   2.2629061e+04
   9.7439876e-01   2.3213609e+04
   9.7517455e-01   2.3153939e+04
   9.7595035e-01   2.3058609e+04
   9.7672614e-01   2.3176391e+04
   9.7750194e-01   2.2894920e+04
   9.7827773e-01   2.3474260e+04
   9.7905353e-01   2.3680320e+04
   9.7982933e-01   2.3844270e+04
   9.8060512e-01   2.3811109e+04
   9.8138092e-01   2.3940010e+04
   9.8215671e-01   2.3880529e+04
   9.8293251e-01   2.3914109e+04
   9.8370830e-01   2.4139910e+04
   9.8448410e-01   2.4147090e+04
   9.8525989e-01   2.4534189e+04
   9.8603569e-01   2.4607760e+04
   9.8681148e-01   2.4577250e+04
   9.8758728e-01   2.4579961e+04
   9.8836307e-01   2.4687211e+04
   9.8913887e-01   2.4596980e+04
   9.8991466e-01   2.4519619e+04
   9.9069046e-01   2.4826520e+04
   9.9146625e-01   2.4954480e+04
   9.9224205e-01   2.5025311e+04
   9.9301784e-01   2.5062119e+04
   9.9379364e-01   2.5287930e+04
   9.9456943e-01   2.5371570e+04
   9.9534523e-01   2.5265811e+04
   9.9612102e-01   2.5042359e+04
   9.9689682e-01   2.5142811e+04
   9.9767261e-01   2.5152029e+04
   9.9844841e-01   2.5480859e+04
   9.9922420e-01   2.5460650e+04
   1.0000000e+00   2.5564631e+04
